Search 0 =>  [1, 1, 0, 0, 0, 0, 0, 0, 1] :  259
Search 1 =>  [1, 1, 0, 0, 0, 0, 0, 1, 1] :  387
Search 2 =>  [1, 1, 0, 0, 0, 0, 1, 1, 1] :  451
Search 3 =>  [1, 1, 0, 0, 0, 0, 0, 1, 1] :  387
Search 4 =>  [1, 1, 0, 0, 0, 0, 1, 1, 1] :  451
Search 5 =>  [1, 1, 0, 0, 0, 0, 0, 1, 1] :  387
Search 6 =>  [1, 1, 0, 0, 0, 0, 1, 1, 1] :  451
Search 7 =>  [1, 1, 0, 0, 0, 0, 0, 1, 1] :  387
Search 8 =>  [1, 1, 0, 0, 0, 0, 1, 1, 1] :  451
Search 9 =>  [1, 1, 0, 0, 0, 0, 0, 1, 1] :  387
Search 10 =>  [1, 1, 0, 0, 0, 0, 1, 1, 1] :  451
Search 11 =>  [1, 1, 0, 0, 0, 0, 0, 1, 1] :  387
Search 12 =>  [1, 1, 0, 0, 0, 0, 1, 1, 1] :  451
Search 13 =>  [1, 1, 0, 0, 0, 0, 0, 1, 1] :  387
Search 14 =>  [1, 1, 0, 0, 0, 0, 1, 1, 1] :  451
Search 15 =>  [1, 1, 0, 0, 0, 0, 0, 1, 1] :  387
Search 16 =>  [1, 1, 0, 0, 0, 0, 1, 1, 1] :  451
Search 17 =>  [1, 1, 0, 0, 0, 0, 0, 1, 1] :  387
Search 18 =>  [1, 1, 0, 0, 0, 0, 1, 1, 1] :  451
Search 19 =>  [1, 1, 0, 0, 0, 0, 0, 1, 1] :  387
Search 20 =>  [1, 1, 0, 0, 0, 0, 1, 1, 1] :  451
Search 21 =>  [1, 1, 0, 0, 0, 0, 0, 1, 1] :  387
Search 22 =>  [1, 1, 0, 0, 0, 0, 1, 1, 1] :  451
Search 23 =>  [1, 1, 0, 0, 0, 0, 0, 1, 1] :  387
Search 24 =>  [1, 1, 0, 0, 0, 0, 1, 1, 1] :  451
Search 25 =>  [1, 1, 0, 0, 0, 0, 0, 1, 1] :  387
Search 26 =>  [1, 1, 0, 0, 0, 0, 1, 1, 1] :  451
Search 27 =>  [1, 1, 0, 0, 0, 0, 0, 1, 1] :  387
Search 28 =>  [1, 1, 0, 0, 0, 0, 1, 1, 1] :  451
Search 29 =>  [1, 1, 0, 0, 0, 0, 0, 1, 1] :  387
Search 30 =>  [1, 1, 0, 0, 0, 0, 1, 1, 1] :  451
